#
#Tue Jul 28 18:35:38 CEST 2009
eu-es=4.208250103354514
pt-gl=0.8251597729659672
es-ca=1.0
ca-fr=0.8579436180288595
es-oc=1.5243589743589743
en-es=1.543200925132367
gl-pt=0.8825319417424681
en-eo=26.90849048079319
es-eo=1.3051282051282052
es-en=1.4064102564102563
ca-oc=1.763026995290074
cy-en=3.4113040287933103
br-fr=7.145373336973075
es-en_US=1.4141025641025642
format_text=1.0
ca-es=1.0747865104976921
fr-ca=0.8388905242240785
format_html=0.5008840952948379
ca-eo=1.5273281991282994
ca-en=1.5057785949077942
pt-ca=0.7886960841442305
fr-es=1.532098178828925
en-gl=1.511648489860144
es-pt=0.8076923076923077
pt-es=0.8508194058405227
ca-oc_aran=1.7280088884317533
es-gl=0.7128205128205128
es-oc_aran=1.4769230769230768
oc-ca=1.6791720987366143
ca-pt=0.7906011048397811
gl-es=1.0765637870901028
oc_aran-ca=1.661718018768478
gl-en=1.5134483937115517
es-fr=1.5474358974358975
oc-es=1.5556079241587843
oc_aran-es=1.5569488859011917
en-ca=1.5718849571980245
es-pt_BR=0.8153846153846154
es-ro=1.337179487179487
ro-es=1.1577733395414185
